4391 6538 703.6376754191315 5.326438658551178 10.03358849451566 195.2787072652121 76.41105808850432 19.28144735376633 A
3366 2583 345.12922124339957 1.711284227577861 19.20994999127586 246.8446727890548 13.906613266865065 1.18663792650003 A
2448 1902 163.84903961004608 2.432766613105441 19.92470600888027 83.12378093955694 2.0976731609333887 15.187752442995555 A
3746 1939 421.43541227679145 2.9595071098798704 9.326434668811364 87.0743999876474 56.14483945376466 0.9291464448854216 A
1190 2708 801.3725667021025 3.7448943539740083 10.230214457511279 179.67029587244338 97.88676479486298 15.457758794353492 A 8908.0
3114 8692 662.8644179889128 4.690386960697459 1.4046482366875872 39.57525166716927 31.660201333735415 0.7275646929766968
1329 3599 935.3559858733227 1.6319869999923537 11.562277443228014 193.3639855082503 70.34060531706976 11.61981718957224
623 9999 455.1472106046492 5.97426072927386 1.5006238231638416 191.54860928449887 76.43164781523775 4.908451212478852
2966 428 810.3996392526062 2.9638849892360355 19.811204437339054 248.73434619900817 42.87941634469312 12.794101692267
4482 2511 438.025399355845 5.488112087857589 16.440015415059616 58.82445728866843 28.10560567199454 3.0639091517734767
1185 6016 194.87341248766757 4.645193269906395 19.97517840456827 37.300997440294026 29.84079795223522 15.565686900027135
1536 3008 788.7411311198734 1.505496799891045 5.829711277951175 140.96859986765008 79.65500293922082 13.973405233609679
3509 2966 284.54458745881783 4.316898956834882 13.451553651079195 29.888680628942428 1.2325717717916018 3.0068174377001853
3923 4758 400.40776525503435 4.97365710468815 10.942491908809208 128.78434520278012 45.882056403956064 10.671638939965659
704 2881 176.4466897540139 1.125972180046389 10.8051710654924 111.65661372647966 86.8880276952897 14.095173318490552
1572 5385 969.7840813681529 5.819270623098674 6.972413505775515 117.76894077582871 53.44439155352998 5.156573784623372
1033 471 457.2031625695661 4.025690054452655 12.911849106697765 196.3489722748676 53.66762509739495 11.352557424764077
1398 4610 642.0014170299546 5.349009989488593 7.5978496469564245 256.84169996180833 10.671051114336317 8.798231990407904
2079 2693 239.79047912992786 4.261667510907936 11.249621140187699 194.0651462650486 33.64481743979788 19.548138054965662
2122 4434 775.6333593292708 4.806649488081282 19.128201238903852 197.43562137470644 40.421765733349325 1.2054555205583344
1785 5140 362.99654908413515 5.687323439363232 13.50768224586925 137.75424709636977 8.893896780221343 12.641506761619508
1228 6216 959.793616378979 2.3460471384840655 7.893471696475329 74.26932610532673 59.415460884261385 7.570131794247798
1287 6001 124.73488373166921 0.975697414928983 10.682844570234058 281.68570430184957 22.05015271508408 12.968473912883056
2893 554 116.61863569010801 4.736049426499321 11.484783116630048 44.04856445934281 11.50929177423251 8.797173168584196
4014 3616 181.747863961743 1.2156575752405965 5.907270757190288 121.42674213922548 59.08382078085008 6.6128521381223395
3708 3069 842.576026485244 2.108366363158382 11.403913579672558 264.7866504821726 53.116852760556775 1.947838658892349
2871 6462 167.47233396120177 4.54251182928129 2.2557019566640917 231.72579675649365 36.114950261175174 1.9734498647370446
740 2752 878.1636462034081 5.55971453269826 17.559413406456237 163.5370133549166 80.00371636703697 9.75555291221608
1945 3729 695.1392455942672 2.329043989751177 16.657266798185773 21.575024350053667 17.260019480042935 1.5315198606919442
796 8562 330.54449096827454 1.9062383667579264 8.320965695901393 70.87743323778705 56.70194659022964 19.76915280530733
801 465 609.7266072211106 2.9423419164609372 2.250230302331369 153.9897571542594 56.13297540932191 13.837508186933757
1636 9511 661.5490317965821 5.8584369079028455 7.188282234624286 244.14424589239158 23.29279676188667 7.599045508307361
2247 4678 217.83165291878578 0.9688437932033324 16.43373229010615 227.46152762353705 45.29064399768964 5.289468912928646
1844 4547 454.95248749849327 3.470920795067715 11.230532022342894 103.48747399138942 60.036546836506886 3.5814810924283083
3312 3907 803.2571831653873 4.048350503912221 15.916357843136657 77.90872262344833 42.194161866259805 11.576061503635671
3039 7061 170.99963685349684 3.3539646069676565 7.68306940426961 281.38191214894573 80.97542379021803 14.746871925455395
4163 5962 275.9298054991218 5.397659826937004 2.453405116838395 120.00628236819405 21.759097797031767 15.269849706378158
1551 7703 493.85738486576076 1.6677491259058532 6.134903678960524 254.3065854148901 57.596782182435376 14.504066455921494
2557 4484 400.1946683479472 5.46038906670301 6.320901886810962 234.9011808990414 67.43316181949028 8.17265938116545
3487 603 598.7109216140827 1.8769138367869187 3.266705654880939 84.91408788884337 24.595896693810815 0.35678294033199487
3287 4099 631.5880878838312 5.9634247049023354 18.203780133543997 56.45520458993493 37.37544645029348 18.95660198018489
2589 9719 518.8357039013451 5.82185407343931 3.599042997668025 52.429482904616115 41.9435863236929 17.92537501576386
1148 8647 941.7615301911186 4.807397394669075 5.304833887048954 98.04914535622906 78.43931628498325 19.31878459854777
3624 9779 561.9172342039794 2.569120525402732 5.769871615048103 176.22124526138796 92.01258427457458 3.633903867619597
2849 2711 367.28344384052406 1.2932445515061628 5.894438158384373 42.57918877256665 15.627338625160014 19.491596577591388
4401 5034 735.8404299731129 2.91036095973303 14.050300923483526 137.6217311783796 41.591890743781924 6.655218620424772
2107 8150 727.4693857244501 4.3353036012300965 7.945097174545545 72.8483076527024 44.50083816799414 8.76506354190989
1997 6966 615.336195556896 4.632619624963758 14.125034214378921 104.95998672854383 64.61637549188603 6.180985756320665
1257 5338 458.07729162125065 1.26553020910961 14.866404319592952 127.29380549327654 34.52776392298128 17.29561429719354
2923 7586 786.6316190719244 5.3414917028852065 18.376096494809005 44.816129350997485 26.678122050102495 4.800616562585346
1535 3267 566.6590497216282 3.180844250400205 13.167529499622036 23.02067507905261 18.41654006324209 19.434510070905397
3647 5481 127.08125311109683 1.760772797416291 2.4094488830853127 51.58687679179809 41.26950143343848 1.4590389073325754
554 7535 815.0560822503381 1.4354597350534701 4.125307112894164 273.1197423937335 10.997240012222665 11.381080953189615
858 2821 974.66040193866 3.0136911274317892 18.4312677611375 258.3744228709724 50.19812900074109 3.6207682420001106
768 9907 508.05318824327225 4.605400311880818 7.481410939476317 147.89068265455148 95.22190358619969 12.90849919665915
1560 4073 545.0069305794023 3.1366959747747 9.657283825747129 268.3229736922532 71.33871071369096 2.967132966184244
3709 5367 442.7137616006471 2.116662282481467 10.958658348447395 53.8456164298804 43.07649314390432 4.017826731797056
3878 303 220.4890075748542 4.042920918577366 12.261621441212686 124.96838135435377 5.632277187030232 1.2860575571330317
3676 3359 990.9345216833701 1.6426744818502295 2.0653307248093937 256.1650381907665 59.66080986496098 7.052006383061602
3922 8028 923.738240209934 1.6711278662574818 16.60969337878112 295.8377232141043 44.68881881476664 11.295903060820685
4260 5235 326.01843814706547 2.093018132424535 18.396504098380223 222.98663356069426 44.92141319571322 18.621164254819323
1088 4977 133.7688903625389 1.7624628427400517 2.1693427162962777 64.25576427224871 51.404611417798975 13.779455966121347
2269 1099 587.3271011760904 1.8906977839763672 6.504470772209498 104.94301954697643 29.934116421172074 9.710595050594426
4132 1192 966.3720855744845 2.857371821139163 19.16048699432011 218.0046031258241 83.42224707102014 2.1935293004331284
3954 6645 218.71866564479146 4.287042615197291 19.02402383802269 170.3066675272934 86.2255952622712 11.719854539543249
2132 5564 692.838990951063 2.8359418108463883 17.176191890185937 106.11454150488879 13.671277014377026 15.664184122851598
3435 7928 128.3202476147166 0.9836051648160815 17.382739369082724 260.0956293357575 46.427252504172976 19.42900819626579
1916 9537 571.8307963400691 1.2410886318579508 10.598766669665054 90.43035065562061 72.3442805244965 15.693634660990188
1246 6581 106.92983611019841 5.807235782175562 16.38548811996312 174.68920791734243 38.118216940066716 7.252784847578109
1540 998 345.2012274705139 5.8236296262741085 18.463678789275406 111.8043683147989 62.575231500693164 13.983854499810803
1430 1807 111.0436652392465 5.173715520755044 17.075542502701808 234.21281022103076 58.598458575288014 5.678897218999108
3562 2296 218.67926321132614 5.318902572924911 9.531210905220583 234.3961208954864 92.57433244415232 6.0631645281512885
1884 8142 246.7140324423847 3.658970794816779 3.7017792696157494 100.76111866536895 50.8708229980246 7.859127851775295
3360 1396 527.086057352735 4.210543680930552 8.911334264506129 154.16015582259126 8.068486142338704 6.2612119885665125
3880 9678 644.2583314597348 2.2802718018004597 2.220758278742808 80.90239315295742 59.31806879831224 16.824801049367352
4287 3672 409.4122750993238 4.004653154288983 8.308163203369112 220.18336716482057 68.10986274653422 8.181549799270062
3299 566 269.7518695494067 3.2891093171617416 9.335399099478376 164.3697107586856 53.11329238048431 3.3925662858009322
3349 4550 487.53941873099166 2.1013600861560757 13.880086294460652 41.146945998692544 32.91755679895404 12.56912603873253
1614 1600 687.9547520380765 5.989039524866464 3.6968378986363994 41.02399045625421 29.90812950896545 0.43211148249134645
2621 6497 395.5572096871799 0.7754361554904939 11.83436508021256 267.39597114323885 59.37597888045359 8.216063492713843
2003 5565 450.5030508528264 3.291601089427923 10.582740007574488 247.8679634511365 62.661154845766596 19.222851947692394
2906 8144 723.7289489662138 3.1876018837676727 19.207122104402686 147.47463102681564 37.36784515019477 6.232011395526074
2276 515 532.7462983380112 1.07298267215343 3.9562156273870652 182.60710564953482 87.73913335409244 5.413201492292197
2096 5947 622.5606334889529 0.8478505906148429 2.0147540186500708 145.2091231959186 33.62235782489691 14.644037867522629
1841 1184 407.8615077907719 5.5404837983088475 10.904586518178307 250.74425190652946 59.1145035537155 14.621356439242229
1668 2003 673.8951881363461 1.7227204780932523 8.015023731593413 128.52739065377958 5.544425637869443 3.947748651714954
2778 6287 856.3707377623629 5.523906025403699 3.7618929878824954 161.52005211573154 26.318326030924343 0.5445363017220082
1681 7211 122.10272131656649 5.1436704618848434 4.582462547062724 169.90702428945391 11.350090996828598 17.797583794775594
3007 3497 736.7792102309593 1.8419327593255774 4.710185341211605 150.92747174875078 96.55418655003247 8.615241554857555
679 7705 740.2248035508551 4.133237801941576 9.26372019791429 131.31999300175872 33.24973498820801 12.97976383846502
779 2316 259.7528457324719 3.0933441290517902 5.171492347114242 86.9863383578131 9.238428333534088 16.41686035605143
4336 5766 640.4178031545744 1.9518424796600078 3.309270588374569 241.23222522198307 1.1302217226946465 2.0670679092658304
863 9954 912.9063892880906 0.7246847504710628 12.459077475860923 279.8391372813692 64.74495276035532 2.8237716032644626
3318 256 141.40714446102584 2.7500324421728344 18.789550812317376 273.44707253517305 76.71673301752271 16.166467493660598
639 4341 671.7054917161404 3.1275190815127463 12.194518547355496 228.39994079907035 46.088247126185045 12.378103751589235
2519 764 390.8417794299664 2.6279082781571965 18.783520718315263 92.19884972713118 32.25523359475938 12.21206713505132
3435 898 872.2923583838113 0.6396725326782178 18.955076803402218 237.3305316920047 70.22181630134166 12.575652707821368
1964 9863 944.4651870750383 3.9697723609149085 12.044464829082639 131.13506486259192 86.0282476398317 14.408128753368342
1797 7856 118.39956206794662 5.452590807147855 3.1326047002158077 178.0224264137001 74.21578013808016 1.2556322577586612
2106 6666 869.4491841500237 4.768931835430454 1.6218072809334714 180.00467971767137 29.237701061729403 2.1895707943288274
