0 0 -1 B
790 1500.0 41864.0 B
750 1425.0 42493.0 B
703 1353.75 47930.0 B
794 1286.0625 36284.0
761 1221.7593749999999 45546.0
747 1160.6714062499998 49289.0 B
731 1102.6378359374999 57017.0 B
685 1047.5059441406247 53942.0
641 995.1306469335934 45583.0
793 945.3741145869137 49062.0
752 898.105408857568 47618.0
631 853.2001384146896 47196.0
698 810.5401314939551 47626.0
650 770.0131249192573 49043.0
703 731.5124686732944 41511.0
757 694.9368452396296 57447.0 B
730 660.1900029776481 42521.0
665 627.1805028287656 48730.0
690 595.8214776873273 48061.0
751 566.0304038029609 49757.0
833 537.7288836128129 39965.0
666 510.84243943217217 50529.0
761 485.3003174605635 39114.0
777 461.03530158753534 37663.0
809 437.9835365081586 46991.0
756 416.08435968275063 47672.0
828 395.2801416986131 40743.0
696 375.5161346136824 52434.0
689 356.7403278829983 39316.0
762 338.9033114888484 46277.0
710 321.9581459144059 33567.0
735 305.8602386186856 45774.0
854 290.5672266877513 51880.0
821 276.03886535336375 45379.0
768 262.23692208569554 52938.0
731 249.12507598141076 32086.0
751 236.66882218234022 39457.0
741 224.8353810732232 41648.0
782 213.59361201956204 57693.0 B
727 202.91393141858393 35280.0
709 192.76823484765472 50119.0
787 183.12982310527198 51176.0
771 173.97333195000837 44018.0
796 165.27466535250795 43525.0
709 157.01093208488254 45153.0
813 149.1603854806384 33375.0
777 141.70236620660648 50710.0
780 134.61724789627615 43639.0
717 127.88638550146234 52599.0
810 121.49206622638923 40854.0
726 115.41746291506976 49305.0
735 109.64658976931626 40924.0
817 104.16426028085044 61700.0 B
895 98.95604726680791 25177.0
737 94.00824490346751 51070.0
793 89.30783265829413 40347.0
906 84.84244102537942 50654.0
821 80.60031897411044 35324.0
766 76.57030302540491 41669.0
854 72.74178787413466 37243.0
781 69.10469848042793 50978.0
765 65.64946355640653 44851.0
853 62.3669903785862 21116.0
783 59.24864085965689 54093.0
730 56.28620881667404 32705.0
799 53.47189837584033 46152.0
870 50.79830345704831 32577.0
732 48.258388284195895 45825.0
820 45.8454688699861 38804.0
731 43.553195426486795 45913.0
893 41.37553565516245 37779.0
727 39.30675887240433 43052.0
767 37.34142092878411 39468.0
895 35.4743498823449 40704.0
747 33.70063238822765 40968.0
821 32.01560076881627 36008.0
878 30.414820730375457 60731.0
846 28.894079693856682 34784.0
857 27.449375709163846 43287.0
832 26.076906923705653 44611.0
739 24.77306157752037 42848.0
750 23.53440849864435 42145.0
889 22.357688073712133 54754.0
764 21.239803670026525 36865.0
724 20.1778134865252 44265.0
887 19.16892281219894 38604.0
852 18.210476671588992 25619.0
794 17.299952838009542 49464.0
761 16.434955196109065 45752.0
887 15.613207436303611 42121.0
722 14.83254706448843 57403.0
760 14.090919711264009 48746.0
842 13.386373725700809 40518.0
870 12.717055039415767 49736.0
827 12.081202287444977 31462.0
832 11.477142173072728 34714.0
834 10.90328506441909 44850.0
840 10.358120811198136 50065.0
863 9.840214770638228 42392.0
875 9.348204032106317 52264.0
756 8.880793830501