0 0 -1 B
997 1500.0 29394.0 B
952 1425.0 35313.0 B
1016 1353.75 39531.0 B
1020 1286.0625 37798.0
966 1221.7593749999999 49385.0 B
954 1160.6714062499998 26574.0
868 1102.6378359374999 39847.0
908 1047.5059441406247 44962.0
1065 995.1306469335934 45636.0
1039 945.3741145869137 34081.0
1064 898.105408857568 39998.0
991 853.2001384146896 33666.0
929 810.5401314939551 47499.0 B
1027 770.0131249192573 32804.0
919 731.5124686732944 27609.0
981 694.9368452396296 36407.0
976 660.1900029776481 40903.0
930 627.1805028287656 54371.0 B
966 595.8214776873273 32344.0
901 566.0304038029609 28864.0
1011 537.7288836128129 29124.0
1026 510.84243943217217 33550.0
977 485.3003174605635 38318.0
957 461.03530158753534 35820.0
841 437.9835365081586 43320.0
851 416.08435968275063 44556.0
854 395.2801416986131 47056.0
972 375.5161346136824 37931.0
1017 356.7403278829983 34767.0
839 338.9033114888484 46973.0
958 321.9581459144059 35869.0
933 305.8602386186856 57943.0 B
975 290.5672266877513 44083.0
846 276.03886535336375 37416.0
1004 262.23692208569554 38709.0
940 249.12507598141076 63698.0 B
993 236.66882218234022 37205.0
915 224.8353810732232 40325.0
863 213.59361201956204 30468.0
1011 202.91393141858393 35348.0
902 192.76823484765472 49743.0
949 183.12982310527198 39123.0
965 173.97333195000837 21815.0
870 165.27466535250795 29426.0
871 157.01093208488254 39617.0
906 149.1603854806384 33827.0
877 141.70236620660648 44211.0
862 134.61724789627615 33844.0
920 127.88638550146234 49938.0
969 121.49206622638923 27248.0
936 115.41746291506976 33470.0
856 109.64658976931626 30525.0
865 104.16426028085044 40103.0
910 98.95604726680791 34370.0
893 94.00824490346751 37888.0
929 89.30783265829413 43530.0
843 84.84244102537942 57784.0
978 80.60031897411044 43080.0
967 76.57030302540491 21268.0
941 72.74178787413466 41829.0
1007 69.10469848042793 48882.0
993 65.64946355640653 39869.0
893 62.3669903785862 42028.0
932 59.24864085965689 51910.0
975 56.28620881667404 36057.0
874 53.47189837584033 50989.0
913 50.79830345704831 17941.0
945 48.258388284195895 48810.0
872 45.8454688699861 46713.0
939 43.553195426486795 45771.0
922 41.37553565516245 38935.0
966 39.30675887240433 37445.0
966 37.34142092878411 25670.0
969 35.4743498823449 22049.0
1003 33.70063238822765 32691.0
1030 32.01560076881627 44555.0
943 30.414820730375457 36141.0
925 28.894079693856682 48833.0
850 27.449375709163846 49778.0
979 26.076906923705653 35524.0
917 24.77306157752037 35717.0
1038 23.53440849864435 39515.0
869 22.357688073712133 41082.0
975 21.239803670026525 34516.0
1011 20.1778134865252 35556.0
1016 19.16892281219894 27511.0
935 18.210476671588992 61362.0
1037 17.299952838009542 29486.0
871 16.434955196109065 38312.0
890 15.613207436303611 40257.0
865 14.83254706448843 43209.0
865 14.090919711264009 49415.0
1009 13.386373725700809 31042.0
876 12.717055039415767 51446.0
919 12.081202287444977 35641.0
1004 11.477142173072728 33311.0
979 10.90328506441909 35855.0
877 10.358120811198136 37717.0
997 9.840214770638228 32253.0
864 9.348204032106317 40305.0
1018 8.880793830501