0 0 0 0 -1 B
796 1.2519494729008933 2.2446407106983965 1500.0 557.0 B
869 1.0557196320155144 2.43615612079266 1462.5 7469.0 B
760 1.0 2.166121473531533 1425.9375 5684.0 B
756 1.0 1.9117153561443136 1390.2890625 4047.0 B
844 1.0 2.082462734090979 1355.5318359374999 347.0
675 1.0 1.8006139701267827 1321.6435400390624 10992.0 B
764 1.0 1.5850353221133673 1288.6024515380857 38724.0 B
749 1.0 2.0171993166972477 1256.3873902496334 35888.0 B
875 1.3599508980354411 1.6689074119232123 1224.9777054933925 28226.0 B
905 1.648248439533766 1.7928157020569668 1194.3532628560577 30594.0 B
760 1.573911760607737 2.209198425501955 1164.4944312846562 29320.0 B
820 1.6488751450806436 2.5677077138725912 1135.3820705025398 37729.0 B
868 2.0815582369337307 2.1189253362076186 1106.9975187399764 29496.0 B
941 2.1708956847329675 2.0703398680199507 1079.3225807714769 30158.0 B
1059 2.4074433622279785 1.6542486730169843 1052.33951625219 20593.0
870 1.8604886596494268 2.3762737067696236 1026.0310283458853 17001.0 B
944 1.980652927662721 2.669540622999219 1000.3802526372381 26905.0 B
813 1.8817922234780613 3.0649903128693134 975.3707463213071 18871.0 B
915 1.4737627428417097 3.5388980627378768 950.9864776632744 15825.0 B
778 1.6476498949616682 3.509901263656971 927.2118157216926 36420.0 B
797 1.957312926230551 3.213476176010242 904.0315203286502 22666.0
692 2.0923613560594356 3.052420105578393 881.430732320434 23332.0
706 1.3474535453489682 3.131697753967568 859.3949640124231 24171.0
641 1.482907958722946 3.6135701409914187 837.9100899121125 26068.0
903 2.088851781510345 3.6366766603037948 816.9623376643098 32088.0 B
1025 2.5358476085099007 3.296151037937561 796.538279222702 19097.0
801 1.893980072967706 3.7600009206881713 776.6248222421344 33445.0 B
927 1.8205355926550242 3.7248767781036576 757.2092016860811 19792.0
865 1.6563328763423786 3.7003377943200633 738.278971643929 24067.0
834 1.6580408089715357 4.131214358174508 719.8219973528307 38132.0 B
898 1.445235430310317 4.128876006930236 701.8264474190099 25339.0 B
787 1.5953232090623324 3.6726862177645945 684.2807862335346 21654.0 B
863 1.1672905411475363 3.6430153360013895 667.1737665776963 31612.0 B
754 1.2965636769678937 3.4859929437653454 650.4944224132538 28113.0 B
767 1.5143274245356824 3.572448981833708 634.2320618529225 14721.0
728 1.0 3.312825943359827 618.3762603065994 29091.0 B
820 1.2745047190020604 3.69711629141431 602.9168537989344 28587.0 B
875 1.3816093399594427 3.924561423904684 587.8439324539611 33470.0 B
838 1.6046507693087753 3.70774164017425 573.147834142612 20001.0
878 1.6113598451178746 3.451160519640144 558.8191382890467 33387.0 B
772 1.7174632836066661 3.328075971815114 544.8486598318206 28242.0
852 1.5743503724074834 3.4430334468884665 531.227443336025 35493.0 B
710 1.4886187396030832 3.7666661395855106 517.9467572526244 28166.0
613 1.9996545827132752 3.7632371092145007 504.9980883213087 17291.0
619 1.8847480025942436 3.2685603047593283 492.373136113276 35020.0 B
621 1.912971386724731 3.2683476816230463 480.0638077104441
 23173.0
557 1.1033134024316351 2.951964858790988 468.062212517683 49032.0 B
309 1.0 3.217244893779865 456.3606572047409 35121.0
518 1.2045408642302604 2.9863990553184188 444.9516407746224 28639.0
603 1.1567631146087969 2.6256096807840494 433.8278497552568 26627.0
497 1.0 3.212151876247207 422.9821535113754 26491.0
505 1.0 3.383835869722686 412.407599673591 36310.0
569 1.0 2.7054892044584116 402.09740968175123 30702.0
511 1.0258939219251735 2.503708873286543 392.04497443970746 35759.0
551 1.0600066090159932 3.2051584524067733 382.2438500787148 31152.0
517 1.512567361477561 3.3672950433770783 372.6877538267469 51081.0 B
475 1.3546529974440533 3.2110741217271412 363.37055998107826 25620.0
573 1.3348687642755572 3.338718126998748 354.2862959815513 47414.0
521 1.4167508770062875 3.025991051446318 345.4291385820125 37052.0
444 1.8912202764048271 3.264223106314053 336.7934101174622 18755.0
593 1.7458534998122333 2.979029861377697 328.37357486452566 29589.0
536 1.9425122759004902 3.2793133460993116 320.1642354929125 36174.0
569 1.9012944165445402 3.4171181163091786 312.1601296055897 20650.0
444 1.526867128981277 3.2703397524227147 304.35612636544994 35193.0
590 1.4429947153216198 3.5004966636319663 296.74722320631366 23774.0
537 1.8808184698172006 2.995377661612147 289.3285426261558 6475.0
447 1.610253905417304 3.6150303422056735 282.0953290605019 28645.0
554 1.459411152959021 3.585032980464067 275.04294583398934 30103.0
508 1.6014079173680371 2.9215585073266226 268.1668721881396 46924.0
505 1.3365804942413035 3.5497960628407244 261.46270038343613 27413.0
459 1.7543277353283204 3.7539097039228655 254.9261328738502 35397.0
580 1.4109775276643939 3.264558972189012 248.55297955200393 39941.0
507 1.7199690226971347 2.9835810867086017 242.33915506320383 42986.0
456 1.601764599695969 3.2842436893287545 236.28067618662374 41521.0
547 1.3840744920016639 3.8631171469167294 230.37365928195814 23551.0
563 1.9535395968813556 3.265550485851426 224.61431779990917 38640.0
480 1.1218359433091205 3.7192619312824466 218.99895985491145 38330.0
522 1.8863792374985429 3.773582649371691 213.52398585853865 23836.0
488 1.0637007915652736 2.9838660368860577 208.1858862120752 44142.0
542 1.7562275627562505 3.649945583472091 202.98123905677332 27775.0
444 1.2943487989671292 3.0044278972576954 197.90670808035398 24459.0
517 1.6967036761024024 3.6660071560770175 192.95904037834512 33317.0
529 1.3805784334046582 3.2715693882141483 188.1350643688865 40686.0
511 1.163678081764207 3.744443985270847 183.43168775966433 36420.0
510 1.6152018679897349 3.0761311425062363 178.84589556567272 28907.0
492 1.6424471373835607 3.1470501544587455 174.3747481765309 45647.0
452 1.0352836644052779 3.123963730004235 170.01537947211762 32871.0
483 1.3945035859481365 3.2159026786932357 165.76499498531467 30121.0
587 1.2930773527134969 3.0456985340952274 161.6208701106818 38970.0
531 1.961483123124112 2.9847923857899143 157.58034835791474 24513.0
487 1.8947384759929125 3.3125359259535467 153.64083964896687 23243.0
447 1.257459327663277 3.463768473087414 149.7998186577427 20167.0
521 1.4677902342620817 3.4815392478303324 146.0548231912991 29396.0
457 1.4647314849651156 3.0862482580511252 142.40345261151663 22324.0
534 1.977584496415162 3.1406203790305733 138.8433662962287 42133.0
470 1.297317684682433 2.8867986420545795 135.37228213882298 32444.0
455 1.6962708881595674 3.523584131307209 131.98797508535242 36757.0
475 1.6893209902197575 3.2865779829272657 128.6882757082186 37216.0
506 1.547942854490866 3.6050888665506737 125.47106881551315 39764.0
571 1.755962132574659 3.477158939365422 122.33429209512532 38078.0
523 1.8111491304239202 2.9631698934122874 119.27593479274718 29283.0
565 1.4872475594927947 3.7625111127279633 116.2940364229285 32162.0
503 1.3254201433186767 3.817496279119097 113.38668551235529 23698.0
489 1.1030976326824602 3.6293758936145197 110.5520183745464 21357.0
500 1.23290034706424 3.5705326352752005 107.78821791518274 39043.0
573 1.1802443983016233 2.9152281000287603 105.09351246730317 32327.0
491 1.9892287265915916 2.8958001156780413 102.46617465562059 32842.0
481 1.4102677236825796 3.478957832231111 99.90452028923008 39070.0
540 1.4725124902707798 3.85811344264036 97.40690728199932 35303.0
473 1.3290200248633997 3.3034474874266913 94.97173459994934 26146.0
453 1.12831552458601 2.992160116832834 92.59744123495061 27947.0
496 1.0172428727264733 2.9761329965135626 90.28250520407684 22030.0
590 1.4106337447235284 3.5619327307462005 88.02544257397491 30193.0
505 1.5192274902955147 3.45733534613386 85.82480650962555 46196.0
486 1.8143361466663372 3.5698372578713164 83.6791863468849 25051.0
491 1.5332589156260665 3.1997239740434393 81.58720668821277 21169.0
511 1.0200545679119393 3.4315049667965516 79.54752652100746 37660.0
530 1.0437365949382162 3.707945718586863 77.55883835798227 29228.0
480 1.28396013308438 3.7362528175947585 75.61986739903271 37263.0
548 1.277193228632528 3.4658495621295473 73.7293707140569 43965.0
521 1.4001544412622264 3.6112257022488765 71.88613644620547 36568.0
581 1.6812695693200284 3.052377684713954 70.08898303505033 33644.0
501 1.6337262510562578 3.1957533028365073 68.33675845917408 29561.0
558 1.1692405844230822 3.2656407449321527 66.62833949769472 30062.0
567 1.6339111493851814 3.7262437155703134 64.96263101025235 33012.0
565 1.4416057229230903 3.2938050009667315 63.33856523499604 23285.0
540 1.302028422549362 3.074115289807243 61.75510110412114 43427.0
567 1.6642083522295894 3.325025165483974 60.21122357651811 26120.0
492 1.8021094321236624 3.5939174026951735 58.70594298710515 14869.0
588 1.666807765065918 3.615977078263018 57.23829441242752 47174.0
449 1.455363710398644 2.9598453839485677 55.80733705211683 36563.0
442 1.39716818734672 3.0202884556492386 54.41215362581391 28673.0
529 1.408994737070867 3.311152448303439 53.05184978516856 34113.0
503 1.859773995345222 3.122213989524335 51.725553540539345 28143.0
563 1.7897208396566318 3.38142420346926 50.43241470202586 27318.0
453 1.4575489372904284 3.04910509403039 49.17160433447521 46595.0
515 1.6721379705619976 3.5704313889377963 47.94231422611333 24864.0
585 1.3072383292040624 2.9234419642152107 46.743756370460495 26526.0
453 2.0093610459302162 3.5017583918121753 45.575162461198985 34229.0
473 1.7401438533083717 3.2925656582018883 44.43578339966901 22362.0
548 1.8896857455386897 3.6270479208465307 43.32488881467729 37540.0
500 1.1155435984235356 3.4978226956021445 42.241766594310356 27650.0
451 1.7641122803971907 2.9548585533354625 41.185722429452596 27625.0
564 1.703765088616033 3.082353444276267 40.15607936871628 26638.0
493 1.182688015175962 3.8290275632939896 39.15217738449837 33392.0
456 1.2647082557099196 3.2423309972096477 38.17337294988591 26005.0
480 1.9595710225015788 3.775762353737304 37.21903862613876 25300.0
466 1.0857230472914874 3.463332261373641 36.28856266048529 15664.0
548 1.33447535738984 2.910886141439216 35.38134859397316 16032.0
526 1.625275376327823 3.0681250698537754 34.496814879123825 12366.0
474 1.8288526030353187 3.309305452673856 33.63439450714573 14320.0
555 1.9335713827595225 3.2822967207433713 32.79353464446709 11606.0
584 1.8252085944994236 2.882585615677389 31.97369627835541 7519.0
531 1.1819624590920608 2.9739900509393737 31.174353871396523 0.0
580 1.3530144617554074 2.9093037439947134 30.39499502461161 2538.0
569 1.9723719850670287 3.6067924514227654 29.635120148996318 13310.0
494 1.2133419735964295 3.801600682527919 28.89424214527141 38493.0
443 1.355127779447697 3.317778218428489 28.171886091639625 27896.0
563 1.0265337768858762 3.2987105331743902 27.467588939348634